facebook_1

[34074, 103, 152, 517, 522, 2209, 8291, 13000, 16980, 19538, 52294]

Total size:  147680 Bytes --> 144.21875 KB
--------------------------------------------------------
facebook_2

[34074, 56, 152, 517, 522, 806, 1420, 1420, 1420, 1420, 1420, 1420, 1420, 1420, 2209, 8291, 13000, 19538, 263336]

Total size:  353861 Bytes --> 345.567382812 KB
--------------------------------------------------------
facebook_3

[34074, 152, 517, 2209, 13000, 19538]

Total size:  69490 Bytes --> 67.861328125 KB
--------------------------------------------------------
facebook_4

[34074, 152, 517, 522, 8291, 13000, 19538]

Total size:  76094 Bytes --> 74.310546875 KB
--------------------------------------------------------
facebook_5

[34074, 152, 517, 2209, 8291, 13000, 16980, 19538, 263336]

Total size:  358097 Bytes --> 349.704101562 KB
--------------------------------------------------------
TOTALS:
[152, 517, 522, 8291, 13000, 19538] = 1
[152, 517, 2209, 13000, 19538] = 1
[103, 152, 517, 522, 2209, 8291, 13000, 16980, 19538, 52294] = 1
[152, 517, 2209, 8291, 13000, 16980, 19538, 263336] = 1
[56, 152, 517, 522, 806, 1420, 1420, 1420, 1420, 1420, 1420, 1420, 1420, 2209, 8291, 13000, 19538, 263336] = 1
