myyearbook_1

[29315, 35, 43, 223, 261, 274, 304, 384, 417, 486, 499, 581, 1030, 1066, 1077, 1177, 1402, 1811, 1860, 1900, 2453, 2619, 2707, 2894, 2926, 3020, 3066, 3277, 3363, 3467, 3494, 3588, 3623, 3666, 3692, 3697, 3740, 3972, 3992, 4045, 4199, 4449, 5230, 5297, 5299, 9554, 12491, 16041, 16206, 24847, 36569, 47301, 244281]

Total size:  543210 Bytes --> 530.478515625 KB
--------------------------------------------------------
myyearbook_2

[2, 2, 2, 2, 2, 2, 2, 2, 2, 2, 2, 2, 2, 2, 2, 2, 2, 2, 2, 23, 35, 35, 43, 101, 115, 115, 213, 223, 261, 274, 304, 384, 417, 486, 499, 581, 853, 1030, 1066, 1077, 1130, 1150, 1177, 1261, 1313, 1402, 1720, 1727, 1811, 1860, 1866, 1900, 2572, 2681, 2694, 2818, 2966, 2993, 3185, 3277, 3302, 3361, 3470, 3552, 3553, 3593, 3666, 3692, 3697, 3701, 3705, 3786, 3786, 3892, 3907, 4051, 4056, 4085, 4222, 4368, 4535, 4804, 4982, 5230, 5297, 5299, 9554, 12491, 16041, 16206, 24847, 26791, 29293, 36569, 47301, 182052]

Total size:  556413 Bytes --> 543.372070312 KB
--------------------------------------------------------
myyearbook_3

[35, 43, 223, 261, 274, 304, 384, 417, 486, 499, 581, 853, 1030, 1066, 1077, 1130, 1150, 1177, 1261, 1313, 1402, 1720, 1811, 1860, 1900, 2619, 2669, 2681, 2694, 2735, 2818, 2921, 3046, 3066, 3145, 3302, 3362, 3379, 3416, 3430, 3486, 3512, 3552, 3584, 3588, 3666, 3701, 3740, 3786, 3838, 3871, 3892, 3907, 4263, 4368, 4449, 4594, 4734, 5299, 9554, 12491, 16041, 16206, 24847, 26791, 29343, 36569, 47301, 48032, 182052, 182052]

Total size:  774649 Bytes --> 756.493164062 KB
--------------------------------------------------------
myyearbook_4

[23, 35, 213, 223, 486, 499, 581, 853, 1030, 1066, 1077, 1130, 1177, 1261, 1313, 1720, 1900, 2453, 2461, 2694, 2707, 2735, 2993, 3111, 3185, 3225, 3277, 3416, 3470, 3485, 3494, 3553, 3588, 3593, 3745, 3786, 3868, 3871, 3972, 3992, 4098, 4199, 4222, 4909, 5299, 12491, 16206, 24847, 36569, 244281]

Total size:  448382 Bytes --> 437.873046875 KB
--------------------------------------------------------
myyearbook_5

[28, 28, 28, 28, 28, 28, 28, 28, 28, 28, 28, 28, 28, 35, 43, 56, 56, 56, 56, 56, 56, 56, 56, 56, 56, 56, 56, 83, 84, 84, 84, 84, 84, 84, 84, 84, 84, 84, 84, 84, 84, 84, 84, 84, 84, 84, 84, 84, 84, 84, 112, 112, 112, 112, 112, 112, 112, 223, 223, 261, 274, 304, 384, 417, 420, 486, 499, 581, 853, 940, 1030, 1066, 1077, 1130, 1150, 1177, 1261, 1313, 1402, 1419, 1419, 1420, 1420, 1420, 1420, 1420, 1420, 1420, 1420, 1420, 1420, 1420, 1420, 1420, 1420, 1420, 1420, 1420, 1420, 1420, 1420, 1420, 1420, 1420, 1420, 1420, 1420, 1420, 1420, 1420, 1420, 1420, 1420, 1420, 1420, 1420, 1420, 1420, 1420, 1420, 1420, 1420, 1420, 1420, 1420, 1420, 1420, 1420, 1420, 1420, 1420, 1420, 1420, 1420, 1420, 1420, 1420, 1420, 1420, 1420, 1420, 1420, 1420, 1420, 1420, 1420, 1420, 1420, 1420, 1420, 1420, 1420, 1420, 1420, 1420, 1420, 1420, 1420, 1420, 1420, 1420, 1420, 1420, 1420, 1420, 1420, 1420, 1420, 1420, 1420, 1420, 1420, 1420, 1420, 1420, 1420, 1420, 1420, 1420, 1420, 1420, 1420, 1420, 1420, 1420, 1420, 1420, 1420, 1420, 1420, 1420, 1420, 1420, 1420, 1420, 1420, 1420, 1420, 1420, 1420, 1420, 1420, 1420, 1420, 1420, 1420, 1420, 1420, 1420, 1420, 1420, 1420, 1420, 1420, 1420, 1420, 1420, 1420, 1420, 1420, 1420, 1420, 1420, 1420, 1420, 1420, 1420, 1420, 1420, 1420, 1420, 1420, 1420, 1420, 1720, 1811, 1860, 1900, 2619, 2694, 2728, 2735, 2801, 2894, 2993, 3013, 3111, 3174, 3277, 3280, 3322, 3574, 3593, 3623, 3774, 3786, 3838, 3898, 3907, 3972, 4051, 4075, 4368, 4909, 5299, 5675, 9554, 12491, 15042, 16041, 29309, 36569, 47301, 48032, 182052]

Total size:  745063 Bytes --> 727.600585938 KB
--------------------------------------------------------
TOTALS:
[35, 43, 223, 261, 274, 304, 384, 417, 486, 499, 581, 1030, 1066, 1077, 1177, 1402, 1811, 1860, 1900, 2453, 2619, 2707, 2894, 2926, 3020, 3066, 3277, 3363, 3467, 3494, 3588, 3623, 3666, 3692, 3697, 3740, 3972, 3992, 4045, 4199, 4449, 5230, 5297, 5299, 9554, 12491, 16041, 16206, 24847, 36569, 47301, 244281] = 1
