yahoo_1

[297, 28, 43, 43, 49, 84, 112, 145, 362, 368, 386, 393, 447, 627, 641, 650, 660, 743, 799, 978, 1006, 1122, 1156, 1204, 1354, 1420, 1420, 1420, 1420, 1420, 1420, 1420, 1420, 1420, 1420, 1420, 1420, 1420, 1420, 1420, 1420, 1420, 1420, 1677, 1750, 1877, 1973, 2032, 2063, 2063, 2086, 2086, 2086, 2086, 2086, 2086, 2332, 2381, 2596, 2599, 3214, 3315, 3542, 3754, 4040, 4625, 4781, 4884, 4945, 5179, 5292, 6473, 8974, 9854, 52769, 65759, 398356]

Total size:  664872 Bytes --> 649.2890625 KB
--------------------------------------------------------
yahoo_2

[28, 43, 49, 56, 56, 56, 56, 140, 172, 297, 318, 393, 447, 627, 641, 926, 930, 1006, 1204, 1420, 1420, 1420, 1420, 1420, 1420, 1420, 1420, 1420, 1420, 1420, 1420, 1420, 1420, 1420, 1420, 1420, 1420, 1420, 1677, 1750, 1973, 2063, 2086, 2086, 2086, 2086, 2086, 2086, 2332, 2381, 2596, 2829, 3214, 3278, 3315, 3433, 3754, 4040, 4625, 4884, 5292, 8405, 9258, 44907, 304303]

Total size:  467250 Bytes --> 456.298828125 KB
--------------------------------------------------------
yahoo_3

[43, 43, 49, 297, 318, 362, 368, 386, 393, 447, 627, 641, 650, 660, 743, 978, 1006, 1122, 1204, 1677, 1750, 1973, 2063, 2063, 2086, 2086, 2086, 2086, 2086, 2086, 2120, 2381, 2596, 3214, 3315, 3362, 3408, 3542, 4219, 4625, 4781, 4884, 4945, 5179, 5292, 6801, 8405, 9258, 9854, 35438, 304317, 398356]

Total size:  862671 Bytes --> 842.452148438 KB
--------------------------------------------------------
yahoo_4

[28, 28, 40, 40, 40, 40, 40, 40, 40, 40, 40, 40, 40, 40, 40, 40, 40, 40, 40, 40, 40, 43, 43, 49, 56, 80, 80, 80, 120, 120, 120, 120, 297, 318, 362, 368, 386, 393, 447, 465, 627, 629, 641, 650, 660, 743, 743, 858, 978, 1006, 1122, 1144, 1156, 1204, 1208, 1318, 1420, 1420, 1420, 1420, 1420, 1420, 1420, 1420, 1420, 1420, 1420, 1420, 1420, 1420, 1420, 1420, 1420, 1420, 1420, 1420, 1420, 1420, 1420, 1420, 1420, 1420, 1420, 1420, 1420, 1420, 1420, 1420, 1420, 1420, 1420, 1420, 1420, 1420, 1420, 1420, 1420, 1420, 1420, 1420, 1677, 1750, 1973, 2063, 2063, 2086, 2086, 2086, 2086, 2086, 2086, 2332, 2381, 2633, 3214, 3278, 3315, 3362, 3433, 4219, 4625, 5179, 6184, 6690, 8405, 9258, 9854, 17976, 18222, 398356]

Total size:  616888 Bytes --> 602.4296875 KB
--------------------------------------------------------
yahoo_5

[28, 28, 28, 28, 28, 28, 28, 28, 43, 43, 44, 119, 297, 318, 362, 368, 386, 393, 447, 627, 641, 650, 660, 743, 978, 1006, 1122, 1156, 1204, 1420, 1420, 1420, 1420, 1420, 1420, 1420, 1420, 1677, 1750, 1877, 1973, 2063, 2063, 2086, 2086, 2086, 2086, 2086, 2086, 2120, 2332, 2381, 2596, 2633, 3214, 3278, 3315, 3433, 4040, 4219, 4625, 4781, 4884, 4945, 5159, 5179, 5292, 6184, 6690, 8307, 8405, 9258, 9854, 9858, 14624, 18222, 65759, 233333, 304640]

Total size:  810670 Bytes --> 791.669921875 KB
--------------------------------------------------------
TOTALS:
[28, 43, 43, 49, 84, 112, 145, 362, 368, 386, 393, 447, 627, 641, 650, 660, 743, 799, 978, 1006, 1122, 1156, 1204, 1354, 1420, 1420, 1420, 1420, 1420, 1420, 1420, 1420, 1420, 1420, 1420, 1420, 1420, 1420, 1420, 1420, 1420, 1420, 1677, 1750, 1877, 1973, 2032, 2063, 2063, 2086, 2086, 2086, 2086, 2086, 2086, 2332, 2381, 2596, 2599, 3214, 3315, 3542, 3754, 4040, 4625, 4781, 4884, 4945, 5179, 5292, 6473, 8974, 9854, 52769, 65759, 398356] = 1
