youtube_1

[138, 43, 304, 1150, 2055, 2228, 2282, 2491, 2532, 2724, 3321, 3336, 3494, 3628, 4064, 4247, 4521, 4570, 4659, 4878, 8427, 13109, 30406, 52753, 272857]

Total size:  434217 Bytes --> 424.040039062 KB
--------------------------------------------------------
youtube_2

[3424, 138, 151, 165, 304, 1150, 2054, 2055, 2268, 2282, 2491, 2889, 3321, 3336, 3494, 3628, 4064, 4247, 4521, 4570, 4591, 4659, 4878, 8427, 10516, 10871, 12913, 13109, 14063, 15760, 30406, 47872]

Total size:  228617 Bytes --> 223.258789062 KB
--------------------------------------------------------
youtube_3

[43, 138, 151, 165, 304, 1150, 2055, 2228, 2268, 2282, 2491, 2889, 3321, 3336, 3351, 3628, 4064, 4247, 4521, 4653, 4878, 8427, 10516, 13109, 15760, 18463, 18662, 30406, 35331, 47872, 52753, 66836, 115746, 223682, 272857]

Total size:  982583 Bytes --> 959.553710938 KB
--------------------------------------------------------
youtube_4

[43, 138, 165, 304, 1150, 2055, 2228, 3321, 4064, 4570, 4653, 4878, 13109, 30406, 66836, 115778]

Total size:  253698 Bytes --> 247.751953125 KB
--------------------------------------------------------
youtube_5

[43, 138, 151, 165, 304, 1150, 2055, 2228, 3195, 3494, 3628, 4064, 10516, 13109, 18463, 18662, 30406, 66836, 115727, 272857]

Total size:  567191 Bytes --> 553.897460938 KB
--------------------------------------------------------
TOTALS:
[43, 304, 1150, 2055, 2228, 2282, 2491, 2532, 2724, 3321, 3336, 3494, 3628, 4064, 4247, 4521, 4570, 4659, 4878, 8427, 13109, 30406, 52753, 272857] = 1
[138, 151, 165, 304, 1150, 2054, 2055, 2268, 2282, 2491, 2889, 3321, 3336, 3494, 3628, 4064, 4247, 4521, 4570, 4591, 4659, 4878, 8427, 10516, 10871, 12913, 13109, 14063, 15760, 30406, 47872] = 1
